[gd_scene format=3 uid="uid://oh688fkepu5k"]

[ext_resource type="PackedScene" uid="uid://jtttvlmcy1jg" path="res://scenes/artifacts/torch_of_eternal_flame.tscn" id="1_8amnu"]
[ext_resource type="PackedScene" uid="uid://cddno6g0vwy6f" path="res://scenes/characters/player.tscn" id="1_y6bsx"]
[ext_resource type="Script" uid="uid://ivvjr42yf0nn" path="res://scripts/world/day_night_cycle.gd" id="2_daynight"]
[ext_resource type="PackedScene" uid="uid://b81rmvhavrt2s" path="res://assets/external/kenney/fantasy-town-kit/Models/GLB format/fountain-square-detail.glb" id="3_o6hnd"]
[ext_resource type="Script" uid="uid://cdpjhe0jk65iv" path="res://scripts/components/fountain_of_endless_spring.gd" id="4_spring"]
[ext_resource type="PackedScene" uid="uid://5fyhxou04dxg" path="res://assets/artifacts/crafting-table.tscn" id="5_r62g1"]
[ext_resource type="Script" uid="uid://duwe13r5kkl2m" path="res://scripts/components/mood_light.gd" id="6_2r11s"]
[ext_resource type="PackedScene" uid="uid://ckttbfrao7whi" path="res://alchemy_lab.tscn" id="6_hxol8"]
[ext_resource type="PackedScene" uid="uid://duigk3wthhukx" path="res://scripts/components/book_shelf.tscn" id="7_e4xuk"]
[ext_resource type="PackedScene" uid="uid://bchhcoi8ov80b" path="res://scripts/components/flask_filled_storage_shelf.tscn" id="9_2r11s"]

[sub_resource type="ProceduralSkyMaterial" id="ProceduralSkyMaterial_o6hnd"]
sky_top_color = Color(0.24, 0.57, 1, 1)
sky_horizon_color = Color(0.69, 0.87, 1, 1)
sky_curve = 0.12
sky_energy_multiplier = 1.1
ground_bottom_color = Color(0.356863, 0.482353, 0.388235, 1)
ground_horizon_color = Color(0.72549, 0.815686, 0.705882, 1)
ground_curve = 0.08
sun_angle_max = 32.0
sun_curve = 0.08

[sub_resource type="Sky" id="Sky_rddas"]
sky_material = SubResource("ProceduralSkyMaterial_o6hnd")

[sub_resource type="Environment" id="Environment_0jym3"]
background_mode = 2
sky = SubResource("Sky_rddas")
ambient_light_source = 2
ambient_light_color = Color(0.76, 0.86, 1, 1)
ambient_light_energy = 0.85
reflected_light_source = 2

[sub_resource type="BoxShape3D" id="BoxShape3D_spring_interact"]
size = Vector3(1.35, 1.45, 1.35)

[sub_resource type="Gradient" id="Gradient_2r11s"]
offsets = PackedFloat32Array(0, 0.55, 1)
colors = PackedColorArray(0, 0.8901219, 0.88322216, 1, 0, 0.6447173, 0.66755885, 0.72, 0.45, 0.05, 0.02, 0)

[sub_resource type="GradientTexture1D" id="GradientTexture1D_46ud6"]
gradient = SubResource("Gradient_2r11s")

[sub_resource type="Curve" id="Curve_e4xuk"]
_data = [Vector2(0, 1), 0.0, 0.0, 0, 0, Vector2(0.72, 0.75), 0.0, 0.0, 0, 0, Vector2(1, 0), 0.0, 0.0, 0, 0]
point_count = 3

[sub_resource type="CurveTexture" id="CurveTexture_pfup0"]
curve = SubResource("Curve_e4xuk")

[sub_resource type="ParticleProcessMaterial" id="ParticleProcessMaterial_nuofk"]
emission_shape = 1
emission_sphere_radius = 0.077
direction = Vector3(0, 1, 0)
spread = 42.0
initial_velocity_min = 0.19
initial_velocity_max = 0.57
gravity = Vector3(0, 0.12, 0)
radial_accel_min = -0.08
radial_accel_max = 0.12
tangential_accel_min = -0.2
tangential_accel_max = 0.2
damping_min = 0.12
damping_max = 0.36
scale_min = 0.75
scale_max = 1.7
scale_curve = SubResource("CurveTexture_pfup0")
color_ramp = SubResource("GradientTexture1D_46ud6")

[sub_resource type="StandardMaterial3D" id="StandardMaterial3D_1ca5e"]
transparency = 1
blend_mode = 1
shading_mode = 0
albedo_color = Color(0, 0.70108336, 0.79398686, 0.9019608)
billboard_mode = 1

[sub_resource type="SphereMesh" id="SphereMesh_6wrrw"]
material = SubResource("StandardMaterial3D_1ca5e")
radius = 0.006
height = 0.012
radial_segments = 6
rings = 3

[node name="WizardTower" type="Node3D" unique_id=1917175163]

[node name="TorchOfEternalFlame" parent="." unique_id=1941162939 instance=ExtResource("1_8amnu")]
transform = Transform3D(1.7326567, 0, 0.9989498, 0, 2, 0, -0.9989498, 0, 1.7326567, -5.115099, 0.099999964, -0.3095579)

[node name="Staircase" type="Node3D" parent="." unique_id=1786478379]
transform = Transform3D(1, 0, 0, 0, 1, 0, 0, 0, 1, 0, 0.09863281, 0)

[node name="Step1" type="CSGBox3D" parent="Staircase" unique_id=1855529629]
transform = Transform3D(1, 0, 0, 0, 1, 0, 0, 0, 1, 0, 0, 1.036)
use_collision = true
size = Vector3(0.75, 0.35, 1.5)

[node name="Step2" type="CSGBox3D" parent="Staircase" unique_id=1795858396]
transform = Transform3D(0.9063079, 0, 0.42261833, 0, 1, 0, -0.42261833, 0, 0.9063079, 0.381, 0.35, 1.036)
use_collision = true
size = Vector3(0.75, 0.35, 1.5)

[node name="Step3" type="CSGBox3D" parent="Staircase" unique_id=1975708550]
transform = Transform3D(0.6427877, 0, 0.76604456, 0, 1, 0, -0.76604456, 0, 0.6427877, 0.698, 0.7, 0.647)
use_collision = true
size = Vector3(0.75, 0.35, 1.5)

[node name="Step4" type="CSGBox3D" parent="Staircase" unique_id=42538911]
transform = Transform3D(0.25881904, 0, 0.9659258, 0, 1, 0, -0.9659258, 0, 0.25881904, 0.919312, 1.05, 0.246329)
use_collision = true
size = Vector3(0.75, 0.35, 1.5)

[node name="Step5" type="CSGBox3D" parent="Staircase" unique_id=659787690]
transform = Transform3D(-0.17364818, 0, 0.9848077, 0, 1, 0, -0.9848077, 0, -0.17364818, 0.937283, 1.4, -0.165268)
use_collision = true
size = Vector3(0.75, 0.35, 1.5)

[node name="Step6" type="CSGBox3D" parent="Staircase" unique_id=262653419]
transform = Transform3D(-0.57357645, 0, 0.81915206, 0, 1, 0, -0.81915206, 0, -0.57357645, 0.779621, 1.75, -0.545897)
use_collision = true
size = Vector3(0.75, 0.35, 1.5)

[node name="Step7" type="CSGBox3D" parent="Staircase" unique_id=1573359296]
transform = Transform3D(-0.8660254, 0, 0.5, 0, 1, 0, -0.5, 0, -0.8660254, 0.475871, 2.1, -0.824233)
use_collision = true
size = Vector3(0.75, 0.35, 1.5)

[node name="Step8" type="CSGBox3D" parent="Staircase" unique_id=2147433805]
transform = Transform3D(-0.9961947, 0, 0.08715574, 0, 1, 0, -0.08715574, 0, -0.9961947, 0.08295, 2.45, -0.94812)
use_collision = true
size = Vector3(0.75, 0.35, 1.5)

[node name="Step9" type="CSGBox3D" parent="Staircase" unique_id=1091555492]
transform = Transform3D(-0.9396926, 0, -0.34202015, 0, 1, 0, 0.34202015, 0, -0.9396926, -0.325515, 2.8, -0.894345)
use_collision = true
size = Vector3(0.75, 0.35, 1.5)

[node name="Step10" type="CSGBox3D" parent="Staircase" unique_id=593101065]
transform = Transform3D(-0.70710677, 0, -0.70710677, 0, 1, 0, 0.70710677, 0, -0.70710677, -0.672983, 3.15, -0.672983)
use_collision = true
size = Vector3(0.75, 0.35, 1.5)

[node name="Step11" type="CSGBox3D" parent="Staircase" unique_id=187007091]
transform = Transform3D(-0.34202015, 0, -0.9396926, 0, 1, 0, 0.9396926, 0, -0.34202015, -0.894345, 3.5, -0.325515)
use_collision = true
size = Vector3(0.75, 0.35, 1.5)

[node name="Step12" type="CSGBox3D" parent="Staircase" unique_id=821597116]
transform = Transform3D(0.08715574, 0, -0.9961947, 0, 1, 0, 0.9961947, 0, 0.08715574, -0.94812, 3.85, 0.08295)
use_collision = true
size = Vector3(0.75, 0.35, 1.5)

[node name="Step13" type="CSGBox3D" parent="Staircase" unique_id=286127655]
transform = Transform3D(0.5, 0, -0.8660254, 0, 1, 0, 0.8660254, 0, 0.5, -0.824233, 4.2, 0.475871)
use_collision = true
size = Vector3(0.75, 0.35, 1.5)

[node name="Step14" type="CSGBox3D" parent="Staircase" unique_id=1717069616]
transform = Transform3D(0.81915206, 0, -0.57357645, 0, 1, 0, 0.57357645, 0, 0.81915206, -0.545897, 4.55, 0.779621)
use_collision = true
size = Vector3(0.75, 0.35, 1.5)

[node name="Step15" type="CSGBox3D" parent="Staircase" unique_id=1006725162]
transform = Transform3D(0.9848077, 0, -0.17364818, 0, 1, 0, 0.17364818, 0, 0.9848077, -0.165268, 4.9, 0.937283)
use_collision = true
size = Vector3(0.75, 0.35, 1.5)

[node name="Step16" type="CSGBox3D" parent="Staircase" unique_id=1844120970]
transform = Transform3D(0.9659258, 0, 0.25881904, 0, 1, 0, -0.25881904, 0, 0.9659258, 0.246329, 5.25, 0.919312)
use_collision = true
size = Vector3(0.75, 0.35, 1.5)

[node name="Step17" type="CSGBox3D" parent="Staircase" unique_id=1708318440]
transform = Transform3D(0.76604444, 0, 0.64278764, 0, 1, 0, -0.64278764, 0, 0.76604444, 0.611768, 5.6, 0.729077)
use_collision = true
size = Vector3(0.75, 0.35, 1.5)

[node name="Step18" type="CSGBox3D" parent="Staircase" unique_id=959377151]
transform = Transform3D(0.42261827, 0, 0.9063078, 0, 1, 0, -0.9063078, 0, 0.42261827, 0.862571, 5.95, 0.402224)
use_collision = true
size = Vector3(0.75, 0.35, 1.5)

[node name="Step19" type="CSGBox3D" parent="Staircase" unique_id=374089918]
transform = Transform3D(0, 0, 1, 0, 1, 0, -1, 0, 0, 0.951742, 6.3, 0)
use_collision = true
size = Vector3(0.75, 0.35, 1.5)

[node name="Step20" type="CSGBox3D" parent="Staircase" unique_id=1084421891]
transform = Transform3D(-0.42261827, 0, 0.9063078, 0, 1, 0, -0.9063078, 0, -0.42261827, 0.862571, 6.65, -0.402224)
use_collision = true
size = Vector3(0.75, 0.35, 1.5)

[node name="Step21" type="CSGBox3D" parent="Staircase" unique_id=124419331]
transform = Transform3D(-0.76604444, 0, 0.64278764, 0, 1, 0, -0.64278764, 0, -0.76604444, 0.611768, 7, -0.729077)
use_collision = true
size = Vector3(0.75, 0.35, 1.5)

[node name="Step22" type="CSGBox3D" parent="Staircase" unique_id=1237541349]
transform = Transform3D(-0.9659258, 0, 0.25881904, 0, 1, 0, -0.25881904, 0, -0.9659258, 0.246329, 7.35, -0.919312)
use_collision = true
size = Vector3(0.75, 0.35, 1.5)

[node name="WorldEnvironment" type="WorldEnvironment" parent="." unique_id=1790471571]
environment = SubResource("Environment_0jym3")

[node name="Sun" type="DirectionalLight3D" parent="." unique_id=1970567729]
transform = Transform3D(0.4436071, -0.5982341, 0.6672251, 0, 0.7448014, 0.6672251, -0.8962219, -0.2961107, 0.3302595, 0, 0, 0)
light_color = Color(1, 0.93, 0.78, 1)
light_energy = 2.2
shadow_enabled = true

[node name="Moon" type="DirectionalLight3D" parent="." unique_id=548863263]
transform = Transform3D(-0.44360673, -0.5981459, -0.6674086, 0, 0.7446916, -0.6674086, 0.8962212, -0.29606703, -0.3303503, 0, 0, 0)
light_color = Color(0.35, 0.48, 0.95, 1)
light_energy = 0.0

[node name="DayNightCycle" type="Node" parent="." unique_id=1992185705]
script = ExtResource("2_daynight")
sun_path = NodePath("../Sun")
moon_path = NodePath("../Moon")
world_environment_path = NodePath("../WorldEnvironment")

[node name="Player" parent="." unique_id=1184757697 instance=ExtResource("1_y6bsx")]
transform = Transform3D(0.7420006, 0, 0.67039925, 0, 1, 0, -0.67039925, 0, 0.7420006, -1.5217464, 1.5090332, 3.382835)

[node name="Floor1" type="Node3D" parent="." unique_id=1131415474]

[node name="Floor" type="CSGCylinder3D" parent="Floor1" unique_id=1041068365]
transform = Transform3D(1, 0, 0, 0, 1, 0, 0, 0, 1, -0.0002587894, 0.017333984, 0.01991925)
use_collision = true
radius = 6.0
height = 0.1

[node name="CSGBox3D" type="CSGBox3D" parent="Floor1" unique_id=126186496]
transform = Transform3D(-0.9238795, 0, 0.38268343, 0, 1, 0, -0.38268343, 0, -0.9238795, 5.1293926, 2, 2.1881819)
use_collision = true
size = Vector3(0.15, 4, 4.726179)

[node name="CSGBox3D2" type="CSGBox3D" parent="Floor1" unique_id=1389148683]
transform = Transform3D(-0.38268343, 0, 0.9238795, 0, 1, 0, -0.9238795, 0, -0.38268343, 2.0844092, 2, 5.1898355)
use_collision = true
size = Vector3(0.15, 4, 4.6173973)

[node name="CSGBox3D3" type="CSGBox3D" parent="Floor1" unique_id=646782071]
transform = Transform3D(0.38268343, 0, 0.9238795, 0, 1, 0, -0.9238795, 0, 0.38268343, -2.1891446, 2, 5.133298)
use_collision = true
size = Vector3(0.15, 4, 4.758415)

[node name="CSGBox3D4" type="CSGBox3D" parent="Floor1" unique_id=1670128589]
transform = Transform3D(-0.9238795, 0, -0.38268343, 0, 1, 0, 0.38268343, 0, -0.9238795, 5.153312, 2, -2.0596106)
use_collision = true
size = Vector3(0.15, 4, 4.651394)

[node name="CSGBox3D5" type="CSGBox3D" parent="Floor1" unique_id=971009554]
transform = Transform3D(-0.38268343, 0, -0.9238795, 0, 1, 0, 0.9238795, 0, -0.38268343, 2.1500103, 2, -5.0768986)
use_collision = true
size = Vector3(0.15, 4, 4.686577)

[node name="CSGBox3D6" type="CSGBox3D" parent="Floor1" unique_id=1419387649]
transform = Transform3D(0.38268343, 0, -0.9238795, 0, 1, 0, 0.9238795, 0, 0.38268343, -2.0884838, 2.0014648, -5.0809693)
use_collision = true
size = Vector3(0.15, 4, 4.6757736)

[node name="CSGBox3D7" type="CSGBox3D" parent="Floor1" unique_id=1802688512]
transform = Transform3D(0.9238795, 0, -0.38268343, 0, 1, 0, 0.38268343, 0, 0.9238795, -5.1455503, 2, -2.033041)
use_collision = true
size = Vector3(0.15, 4, 4.7158737)

[node name="CSGBox3D8" type="CSGBox3D" parent="Floor1" unique_id=787635309]
transform = Transform3D(0.9238795, 0, 0.38268343, 0, 1, 0, -0.38268343, 0, 0.9238795, -5.1966643, 2, 2.1654298)
use_collision = true
size = Vector3(0.15, 4, 4.592848)

[node name="CSGCylinder3D" type="CSGCylinder3D" parent="Floor1" unique_id=904073784]
transform = Transform3D(1, 0, 0, 0, 1, 0, 0, 0, 1, -0.015258789, 3.7654004, 0.02191925)
visible = false
use_collision = true
height = 8.107461
sides = 64

[node name="EndlessSpring" parent="Floor1" unique_id=302023470 instance=ExtResource("3_o6hnd")]
transform = Transform3D(1, 0, 0, 0, 1, 0, 0, 0, 1, -2.9559164, 0, -3.0570374)
script = ExtResource("4_spring")

[node name="InteractionBody" type="StaticBody3D" parent="Floor1/EndlessSpring" unique_id=1978418761]
transform = Transform3D(1, 0, 0, 0, 1, 0, 0, 0, 1, 0, 0.75, 0)
collision_layer = 2
collision_mask = 0

[node name="CollisionShape3D" type="CollisionShape3D" parent="Floor1/EndlessSpring/InteractionBody" unique_id=332055629]
shape = SubResource("BoxShape3D_spring_interact")

[node name="MoodLight" type="OmniLight3D" parent="Floor1/EndlessSpring" unique_id=1199807133]
light_color = Color(4.3317677e-06, 0.76190245, 0.7627682, 1)
script = ExtResource("6_2r11s")
metadata/_custom_type_script = "uid://duwe13r5kkl2m"

[node name="WaterSarkles" type="GPUParticles3D" parent="Floor1/EndlessSpring" unique_id=1726416732]
transform = Transform3D(0.75, 0, 0, 0, 0.75, 0, 0, 0, 0.75, 0, 0.16280508, 0)
amount = 48
lifetime = 1.35
preprocess = 1.35
fixed_fps = 24
local_coords = true
process_material = SubResource("ParticleProcessMaterial_nuofk")
draw_pass_1 = SubResource("SphereMesh_6wrrw")

[node name="BookShelf" parent="Floor1/EndlessSpring/WaterSarkles" unique_id=1339605367 instance=ExtResource("7_e4xuk")]
transform = Transform3D(1.8425993, 0, 0.7777068, 0, 2, 0, -0.7777068, 0, 1.8425993, 1.4064369, 0, -2.5577865)

[node name="Floor2" type="Node3D" parent="." unique_id=1937687745]
visible = false

[node name="Floor" type="CSGCylinder3D" parent="Floor2" unique_id=414084619]
transform = Transform3D(1, 0, 0, 0, 1, 0, 0, 0, 1, 0, 7.4, 0)
use_collision = true
radius = 10.0
height = 0.1

[node name="CSGCylinder3D" type="CSGCylinder3D" parent="Floor2/Floor" unique_id=1329556132]
operation = 2
radius = 2.0
height = 0.3
sides = 64

[node name="CSGBox3D" type="CSGBox3D" parent="Floor2" unique_id=55232874]
transform = Transform3D(-0.9238795, 0, 0.38268343, 0, 1, 0, -0.38268343, 0, -0.9238795, 8.504345, 7.4, 3.522615)
use_collision = true
size = Vector3(0.15222168, 5.2475586, 7.625702)

[node name="CSGBox3D2" type="CSGBox3D" parent="Floor2" unique_id=866029758]
transform = Transform3D(-0.38268343, 0, 0.9238795, 0, 1, 0, -0.9238795, 0, -0.38268343, 3.522615, 7.4, 8.504345)
use_collision = true
size = Vector3(0.15222168, 5.2475586, 7.625702)

[node name="CSGBox3D3" type="CSGBox3D" parent="Floor2" unique_id=243463611]
transform = Transform3D(0.38268343, 0, 0.9238795, 0, 1, 0, -0.9238795, 0, 0.38268343, -3.522615, 7.4, 8.504345)
use_collision = true
size = Vector3(0.15222168, 5.2475586, 7.625702)

[node name="CSGBox3D4" type="CSGBox3D" parent="Floor2" unique_id=1083214961]
transform = Transform3D(-0.9238795, 0, -0.38268343, 0, 1, 0, 0.38268343, 0, -0.9238795, 8.504345, 7.4, -3.522615)
use_collision = true
size = Vector3(0.15222168, 5.2475586, 7.625702)

[node name="CSGBox3D5" type="CSGBox3D" parent="Floor2" unique_id=1757459799]
transform = Transform3D(-0.38268343, 0, -0.9238795, 0, 1, 0, 0.9238795, 0, -0.38268343, 3.522615, 7.4, -8.504345)
use_collision = true
size = Vector3(0.15222168, 5.2475586, 7.625702)

[node name="CSGBox3D6" type="CSGBox3D" parent="Floor2" unique_id=1135095405]
transform = Transform3D(0.38268343, 0, -0.9238795, 0, 1, 0, 0.9238795, 0, 0.38268343, -3.522615, 7.4, -8.504345)
use_collision = true
size = Vector3(0.15222168, 5.2475586, 7.625702)

[node name="CSGBox3D7" type="CSGBox3D" parent="Floor2" unique_id=1077666170]
transform = Transform3D(0.9238795, 0, -0.38268343, 0, 1, 0, 0.38268343, 0, 0.9238795, -8.504345, 7.4, -3.522615)
use_collision = true
size = Vector3(0.15222168, 5.2475586, 7.625702)

[node name="CSGBox3D8" type="CSGBox3D" parent="Floor2" unique_id=1481144995]
transform = Transform3D(0.9238795, 0, 0.38268343, 0, 1, 0, -0.38268343, 0, 0.9238795, -8.504345, 7.4, 3.522615)
use_collision = true
size = Vector3(0.15222168, 5.2475586, 7.625702)

[node name="Table" parent="." unique_id=277921942 instance=ExtResource("5_r62g1")]
transform = Transform3D(0.9256861, 0, -0.37829244, 0, 1, 0, 0.37829244, 0, 0.9256861, -4.4311295, 0.0013484359, -1.4691505)

[node name="AlchemyLab" parent="." unique_id=233318363 instance=ExtResource("6_hxol8")]
transform = Transform3D(0.9140432, 0, 0.4056172, 0, 1, 0, -0.4056172, 0, 0.9140432, -4.324766, 0, 1.705534)

[node name="StorageShelf" parent="." unique_id=1373303997 instance=ExtResource("9_2r11s")]
transform = Transform3D(-0.9247093, 0, 0.38067394, 0, 1, 0, -0.38067394, 0, -0.9247093, -3.4591055, 1.2903278, 4.52016)
